   Маргиланское ПО авровых тканей "АТЛАС"
-------------------------------------------------------------------------------
M =  7
N = 23
-------------------------------------------------------------------------------
           1       30.000000       69.500000       11.300000        8.900000
        3.000000        2.400000      277.200000
           2       30.000000       71.500000        5.900000        5.700000
        1.500000        4.000000      196.100000
           3       24.000000       48.500000        5.900000        5.500000
        2.000000        3.800000      196.100000
           4       30.000000       62.500000        9.500000        9.700000
        3.000000        4.100000      282.700000
           5       40.000000       69.500000       10.100000        9.500000
        2.600000        2.200000      293.700000
           6       30.000000       69.500000       10.200000       11.100000
        2.800000        2.000000      306.400000
           7       21.000000       67.500000        6.900000        7.200000
        2.500000        2.300000      216.400000
           8       30.000000       69.500000       10.400000        8.900000
        2.600000        3.600000      294.500000
           9       32.000000       68.500000       10.500000        8.500000
        3.000000        2.800000      304.100000
          10       21.000000       84.000000        3.900000        4.400000
        1.100000       10.500000      316.500000
          11       30.000000       68.500000       11.500000       10.500000
        3.000000        2.800000      296.500000
          12       22.000000       64.500000        6.200000        5.500000
        1.600000        3.700000      229.700000
          13       30.000000       68.500000       12.400000       12.600000
        2.800000        3.200000      324.600000
          14       22.000000       75.000000        6.200000        6.600000
        2.800000        4.400000      214.000000
          15       30.000000       68.500000       10.100000        8.700000
        2.600000        2.800000      325.400000
          16       40.000000       69.500000       10.200000        6.900000
        2.800000        1.900000      294.300000
          17       22.000000       65.500000        4.300000        3.900000
    8.000000E-01        7.100000      316.100000
          18       22.000000       66.500000        4.300000        3.900000
    8.000000E-01        9.400000      316.100000
          19       22.000000       71.500000        5.800000        5.800000
        2.200000        7.400000      212.600000
          20       30.000000       69.500000        9.200000        7.700000
        2.800000        2.700000      297.200000
          21       30.000000       69.500000       10.100000        7.800000
        2.800000        2.200000      295.200000
          22       30.000000       69.500000       11.800000        9.000000
        2.800000        2.900000      310.800000
          23       42.000000       69.500000       11.600000        9.600000
        2.600000        3.100000      273.900000
-------------------------------------------------------------------------------
MY=  4
           1       12.500000        7.300000       33.100000      317.000000
           2       26.300000        3.800000       12.600000      266.200000
           3       23.600000        3.400000       12.800000      256.700000
           4       10.600000        7.000000       40.200000      316.300000
           5        7.900000        7.000000       43.500000      319.000000
           6        6.100000        6.300000       47.500000      326.400000
           7       18.300000        3.400000       26.100000      265.000000
           8        6.400000        7.400000       39.300000      314.800000
           9       11.800000        9.900000       16.800000      344.700000
          10       11.100000       12.800000       14.500000      356.100000
          11       13.800000        8.200000       24.900000      343.900000
          12       21.000000        4.000000       12.400000      290.000000
          13        4.600000        8.900000       29.400000      340.300000
          14       26.600000        3.000000       28.600000      291.600000
          15        5.400000        7.700000       38.400000      344.200000
          16       13.000000        7.200000       39.500000      338.500000
          17        6.800000       12.400000       18.800000      338.700000
          18        8.300000        3.500000       10.700000      344.700000
          19       25.500000        4.000000       18.400000      285.400000
          20        3.400000        8.000000       35.700000      307.400000
          21        8.100000        8.800000       31.200000      310.200000
          22       11.500000        8.100000       35.700000      315.600000
          23       10.700000        7.200000       37.900000      306.900000
-------------------------------------------------------------------------------
       40.000000       70.500000       11.500000       10.000000
        2.900000        3.800000      330.900000
